1707157232510 0.4094264805316925 0
1707157232879 0.40824130177497864 1
1707157233273 0.4072929918766022 2
1707157233625 0.4063521921634674 3
1707157233969 0.4054472744464874 4
1707157234319 0.40459057688713074 5
1707157234689 0.4037880301475525 6
1707157235107 0.40304243564605713 7
1707157235510 0.4023548364639282 8
1707157235873 0.4017249345779419 9
1707157236557 0.4011526107788086 10
1707157236917 0.40063679218292236 11
1707157237284 0.4001767337322235 12
1707157237631 0.39977121353149414 13
1707157238009 0.3994189202785492 14
1707157238442 0.39911797642707825 15
1707157238829 0.39886611700057983 16
1707157239180 0.39866018295288086 17
1707157239539 0.39849627017974854 18
1707157239880 0.39836958050727844 19
1707157240254 0.39827415347099304 20
1707157240618 0.39820337295532227 21
1707157241322 0.39814960956573486 22
1707157241899 0.3981051743030548 23
1707157242404 0.398063063621521 24
1707157242779 0.398017019033432 25
1707157243156 0.3979620337486267 26
1707157243504 0.39789488911628723 27
1707157243897 0.397814005613327 28
1707157244243 0.39771899580955505 29
1707157244588 0.39761099219322205 30
1707157244927 0.39749181270599365 31
1707157245280 0.39736393094062805 32
1707157245651 0.39722976088523865 33
1707157245994 0.39709198474884033 34
1707157246344 0.3969528377056122 35
1707157246683 0.39681413769721985 36
1707157247023 0.39667731523513794 37
1707157247372 0.3965432941913605 38
1707157247747 0.39641252160072327 39
1707157248305 0.3962850272655487 40
1707157248648 0.3961605429649353 41
1707157248985 0.3960385024547577 42
1707157249335 0.3959181308746338 43
1707157249678 0.3957987129688263 44
1707157250035 0.3956793546676636 45
1707157250741 0.3955592215061188 46
1707157251079 0.3954375982284546 47
1707157251420 0.39531391859054565 48
1707157251757 0.395187646150589 49
1707157252101 0.39505842328071594 50
1707157252478 0.39492619037628174 51
1707157252843 0.39479073882102966 52
1707157253212 0.3946520984172821 53
1707157253543 0.39451056718826294 54
1707157253875 0.39436614513397217 55
1707157254397 0.39421921968460083 56
1707157254747 0.3940700888633728 57
1707157255094 0.3939187228679657 58
1707157255483 0.39376556873321533 59
1707157255846 0.39361050724983215 60
1707157256506 0.3934537172317505 61
1707157256841 0.3932951092720032 62
1707157257175 0.39313459396362305 63
1707157257522 0.392971932888031 64
1707157257862 0.3928069770336151 65
1707157258209 0.3926394581794739 66
1707157258549 0.39246925711631775 67
1707157258900 0.3922961354255676 68
1707157259247 0.3921199142932892 69
1707157259586 0.3919406533241272 70
1707157259925 0.3917582929134369 71
1707157260456 0.3915727734565735 72
1707157260981 0.3913842439651489 73
1707157261312 0.391192764043808 74
1707157261699 0.39099833369255066 75
1707157262063 0.3908011019229889 76
1707157262712 0.3906010091304779 77
1707157263054 0.39039814472198486 78
1707157263402 0.39019232988357544 79
1707157263744 0.38998347520828247 80
1707157264082 0.3897714614868164 81
1707157264428 0.38955631852149963 82
1707157264803 0.3893376290798187 83
1707157265150 0.38911551237106323 84
1707157265492 0.38888993859291077 85
1707157265831 0.38866084814071655 86
1707157266162 0.388428270816803 87
1707157267574 0.38819223642349243 88
1707157268053 0.3879530429840088 89
1707157268477 0.38771072030067444 90
1707157268873 0.3874654769897461 91
1707157269303 0.3872174620628357 92
1707157269639 0.3869668245315552 93
1707157270016 0.38671377301216125 94
1707157270386 0.3864585757255554 95
1707157270826 0.3862013518810272 96
1707157271194 0.38594239950180054 97
1707157271618 0.38568204641342163 98
1707157271969 0.385420560836792 99
1707157272315 0.3851584494113922 100
1707157272674 0.384895920753479 101
1707157273059 0.38463354110717773 102
1707157273636 0.38437169790267944 103
1707157273972 0.3841107189655304 104
1707157274312 0.38385117053985596 105
1707157274657 0.3835934102535248 106
1707157275022 0.383338063955307 107
1707157275370 0.3830856382846832 108
1707157275714 0.3828365206718445 109
1707157276051 0.38259121775627136 110
1707157276398 0.38235005736351013 111
1707157276736 0.3821132779121399 112
1707157277116 0.38188087940216064 113
1707157277456 0.38165292143821716 114
1707157277797 0.3814293146133423 115
1707157278198 0.3812097907066345 116
1707157278570 0.38099390268325806 117
1707157279040 0.380781352519989 118
1707157279605 0.38057148456573486 119
1707157279945 0.3803636431694031 120
1707157280282 0.38015711307525635 121
1707157280662 0.37995126843452454 122
1707157281006 0.3797453045845032 123
1707157281336 0.37953874468803406 124
1707157281699 0.3793310225009918 125
1707157282035 0.37912172079086304 126
1707157282379 0.3789104223251343 127
1707157282722 0.3786969482898712 128
1707157283059 0.37848129868507385 129
1707157283427 0.3782632052898407 130
1707157283759 0.37804287672042847 131
1707157284098 0.3778204023838043 132
1707157284611 0.37759578227996826 133
1707157284952 0.3773692548274994 134
1707157285318 0.3771408200263977 135
1707157285658 0.37691056728363037 136
1707157285999 0.37667855620384216 137
1707157286339 0.3764447569847107 138
1707157286674 0.37620919942855835 139
1707157287022 0.37597158551216125 140
1707157287400 0.37573203444480896 141
1707157287741 0.3754901587963104 142
1707157288081 0.3752458691596985 143
1707157288434 0.37499895691871643 144
1707157288820 0.3747492730617523 145
1707157289422 0.3744964897632599 146
1707157289755 0.3742404282093048 147
1707157290088 0.37398093938827515 148
1707157290421 0.3737178444862366 149
1707157290770 0.37345090508461 150
1707157291115 0.37318000197410583 151
1707157291471 0.3729049861431122 152
1707157291818 0.3726257383823395 153
1707157292206 0.3723420202732086 154
1707157292559 0.3720538020133972 155
1707157292904 0.37176093459129333 156
1707157293272 0.3714631497859955 157
1707157293615 0.3711604177951813 158
1707157293954 0.370852530002594 159
1707157294288 0.37053918838500977 160
1707157294826 0.3702203929424286 161
1707157295186 0.3698958158493042 162
1707157295524 0.3695651590824127 163
1707157295858 0.3692283630371094 164
1707157296196 0.3688850402832031 165
1707157296529 0.3685351014137268 166
1707157296918 0.36817821860313416 167
1707157297276 0.3678140640258789 168
1707157297671 0.36744239926338196 169
1707157298326 0.3670629858970642 170
1707157298659 0.3666754364967346 171
1707157298992 0.3662795424461365 172
1707157299336 0.36587488651275635 173
1707157299692 0.3654611110687256 174
1707157300029 0.36503785848617554 175
1707157300379 0.3646046221256256 176
1707157300762 0.3641611337661743 177
1707157301414 0.36370664834976196 178
1707157301783 0.36324089765548706 179
1707157302114 0.36276310682296753 180
1707157302455 0.36227279901504517 181
1707157302792 0.36176928877830505 182
1707157303129 0.36125171184539795 183
1707157303473 0.3607195317745209 184
1707157303804 0.3601716458797455 185
1707157304147 0.35960736870765686 186
1707157304484 0.3590255379676819 187
1707157304820 0.35842517018318176 188
1707157305194 0.357805073261261 189
1707157305753 0.35716405510902405 190
1707157306088 0.3565007150173187 191
1707157306430 0.35581377148628235 192
1707157306769 0.35510197281837463 193
1707157307159 0.3543637692928314 194
1707157307501 0.35359784960746765 195
1707157307865 0.35280275344848633 196
1707157308207 0.35197722911834717 197
1707157308538 0.35112011432647705 198
1707157308882 0.3502306342124939 199
